# The mean values of the components (in mm)
198
1
6
-71.676712 
-70.174736 
-67.227417 
-63.499504 
-55.056885 
-40.487907 
-27.043831 
-15.912038 
0.187458 
16.331696 
27.482029 
40.944851 
55.473694 
63.820820 
67.328407 
70.009712 
71.332878 
-54.827728 
-47.261761 
-38.101799 
-26.591097 
-16.815390 
16.448444 
26.256533 
37.852493 
47.192673 
54.772236 
0.093880 
0.146634 
0.246033 
0.225353 
-13.451928 
-6.844612 
0.064028 
6.913343 
13.418714 
-43.404392 
-37.383728 
-27.022654 
-17.227570 
-26.489086 
-36.510719 
16.630789 
26.487518 
37.050224 
43.311836 
36.311951 
26.137972 
-26.634855 
-15.199069 
-7.113850 
0.046801 
7.110514 
15.240661 
26.787937 
14.834620 
8.236623 
0.084142 
-8.066868 
-14.634664 
-7.443152 
-0.018849 
7.385669 
7.385669 
-0.018849 
-7.443152 
-29.512039 
-9.399309 
8.873939 
27.055386 
44.647671 
58.314400 
66.397858 
71.596382 
73.360809 
71.360016 
66.243042 
58.375652 
44.876274 
27.370319 
9.172351 
-9.144042 
-29.383358 
-52.343765 
-57.141590 
-59.358021 
-58.054291 
-54.218864 
-54.410015 
-58.367836 
-59.721085 
-57.555702 
-52.623344 
-36.340237 
-24.961937 
-14.037292 
-1.503449 
6.312945 
6.352859 
7.642121 
6.337996 
6.158561 
-37.336662 
-41.071213 
-41.726208 
-36.835896 
-33.961311 
-33.601566 
-36.604671 
-41.821217 
-41.016502 
-37.216942 
-33.683254 
-33.973137 
28.892952 
23.065533 
19.878323 
21.067589 
19.926903 
23.082481 
28.481766 
34.702244 
36.195133 
36.666332 
36.167431 
34.713871 
27.116665 
27.534008 
27.167110 
27.167110 
27.534008 
27.116665 
61.845566 
58.664612 
55.900623 
50.718693 
37.230450 
20.250687 
6.337524 
-1.948334 
-4.871399 
-1.950706 
6.286682 
20.251274 
37.302299 
50.767220 
55.971645 
58.751003 
61.786678 
7.396423 
-1.466583 
-7.729996 
-13.010857 
-14.323540 
-14.285339 
-12.875145 
-7.500931 
-1.262695 
7.556549 
-19.102905 
-27.627953 
-36.222321 
-37.640915 
-14.100182 
-20.782364 
-22.861656 
-20.765045 
-14.011871 
6.662552 
-0.876770 
-2.202141 
0.645737 
-1.437935 
0.951195 
0.976860 
-1.817352 
-0.617584 
6.731857 
0.996994 
-1.295082 
-6.198616 
-17.984337 
-22.574814 
-23.528648 
-22.606705 
-17.937889 
-5.979393 
-15.829575 
-19.279778 
-20.264465 
-19.382828 
-15.962067 
-16.919777 
-18.056389 
-16.956764 
-16.956764 
-18.056389 
-16.919777 
# The principal components (eigenvectors) of expression or combined model
198
29
6
0.031882 -0.066610 -0.080113 0.128440 -0.016965 0.027487 -0.072306 0.021467 -0.083782 0.060289 0.026863 0.025999 -0.042845 0.085608 -0.046592 -0.068781 -0.041520 0.103311 0.137754 0.042857 -0.014580 0.039268 0.025898 0.030096 0.034675 0.007095 -0.042121 0.006129 -0.043750 
0.032860 -0.075788 -0.090253 0.144079 0.006332 0.023614 -0.085475 0.017461 -0.097059 0.086034 0.001220 0.044478 -0.024978 0.084307 -0.039322 -0.036422 -0.031584 0.140950 0.136975 0.026332 -0.027491 0.048363 0.020163 -0.007433 0.070983 -0.023756 -0.040502 0.005682 -0.033041 
0.032422 -0.078121 -0.094475 0.149510 0.018516 0.025841 -0.093646 0.018718 -0.111085 0.114958 -0.015337 0.075273 -0.013377 0.070159 -0.026784 -0.001561 -0.017062 0.143627 0.115553 0.014418 -0.039312 0.044406 0.007935 -0.017528 0.093570 -0.068631 -0.049098 0.025855 -0.019382 
0.029497 -0.074443 -0.089407 0.138437 0.026734 0.029290 -0.089165 0.029962 -0.114769 0.124991 -0.024530 0.096307 0.002322 0.045910 -0.010439 0.010296 0.015723 0.118029 0.087251 0.006019 -0.066207 0.052864 -0.008228 -0.000235 0.071055 -0.057974 -0.052414 0.025451 -0.024666 
0.026594 -0.061981 -0.076127 0.113885 0.019899 0.001726 -0.126844 0.109069 -0.169096 0.086065 0.016532 0.055018 0.135374 -0.053577 0.063868 0.014895 0.118081 0.069425 -0.101736 0.007781 0.023551 0.107968 -0.103711 0.074057 -0.016800 -0.017539 -0.066326 -0.054419 -0.130905 
0.009286 -0.040230 -0.068740 0.077569 -0.007517 -0.005909 -0.104714 0.123986 -0.158843 0.032291 0.035182 -0.023947 0.175416 -0.088535 0.113283 0.040667 0.111423 -0.005893 -0.096242 0.008191 0.009147 0.099366 -0.172011 0.099812 -0.030125 0.065443 -0.099234 -0.138442 -0.076383 
0.001619 -0.040161 -0.059835 0.037610 0.001592 -0.021697 -0.028514 0.105746 -0.152157 -0.021538 0.015259 -0.061203 0.138815 -0.111106 0.115648 0.032197 0.027251 -0.016439 -0.001897 0.025016 0.071403 0.100975 -0.067603 0.084074 -0.147383 0.031189 -0.106686 -0.093800 -0.085354 
-0.003678 -0.028906 -0.045096 0.018600 0.009196 -0.021243 0.003456 0.093983 -0.173050 -0.079122 0.005272 -0.075390 0.120817 -0.075068 0.063043 0.037153 0.013751 -0.022789 0.003433 -0.019790 0.061537 0.083434 -0.036475 0.077191 -0.077565 0.018973 -0.004344 -0.066620 -0.097935 
-0.001011 -0.002473 -0.002098 -0.020589 -0.001900 -0.022822 -0.001014 0.049109 -0.171476 -0.120507 0.019779 -0.055272 0.057338 -0.045679 0.010455 -0.019977 -0.013566 0.001468 -0.027500 0.008460 0.004308 0.047127 -0.005133 -0.021699 -0.013892 0.017123 -0.011390 -0.012757 -0.089041 
-0.000887 0.026788 0.033065 -0.064126 -0.008006 -0.020872 0.031131 0.050414 -0.211873 -0.122743 0.033864 -0.077049 -0.010175 0.009248 -0.008446 -0.018235 -0.053300 -0.006909 -0.035732 -0.023440 0.000248 0.034051 0.032492 -0.024615 0.084878 0.033221 -0.028601 0.022741 -0.091566 
-0.008528 0.038842 0.056026 -0.074316 -0.001212 -0.024156 0.073551 0.036638 -0.218418 -0.143053 0.021556 -0.069880 -0.051741 0.059307 -0.051614 -0.011092 -0.095001 -0.016732 0.015192 -0.021429 -0.013215 0.029676 0.023804 -0.067070 0.047706 -0.021955 -0.040942 -0.035872 -0.060920 
-0.015574 0.039859 0.067602 -0.106635 0.002748 -0.051232 0.122106 -0.018475 -0.160811 -0.148950 -0.005905 -0.085348 -0.095134 0.022022 -0.063986 -0.043188 -0.199647 0.038044 0.033467 0.010484 0.013133 0.090061 0.012458 -0.063007 0.014119 -0.067574 -0.055088 0.030027 -0.100859 
-0.031552 0.059770 0.074346 -0.127972 -0.015402 -0.052766 0.131015 -0.026284 -0.048251 -0.162831 -0.021522 -0.125258 -0.052157 -0.034295 -0.012556 -0.089307 -0.206754 0.029580 -0.027376 0.026263 0.042630 0.098363 -0.091852 0.030052 0.035769 -0.004699 -0.047829 0.015905 -0.088806 
-0.030079 0.074126 0.090782 -0.142355 -0.018473 -0.034779 0.073246 -0.029970 0.101930 -0.116614 0.000024 -0.099628 -0.019813 -0.045117 -0.006202 -0.011206 -0.013329 -0.082262 -0.060146 -0.021866 0.085602 0.041669 -0.075547 0.036155 -0.072482 0.043869 -0.019710 -0.016896 -0.032983 
-0.031748 0.076465 0.094675 -0.151870 -0.014605 -0.031468 0.079104 -0.016580 0.101591 -0.106719 -0.006513 -0.076881 -0.003066 -0.069091 0.000310 -0.003218 0.011841 -0.116084 -0.082145 -0.030365 0.061852 0.034677 -0.078507 0.059175 -0.098254 0.050628 -0.017572 -0.016526 -0.029469 
-0.030730 0.072562 0.089048 -0.143148 -0.008510 -0.033155 0.072794 -0.007951 0.096443 -0.085559 -0.022676 -0.046667 0.003159 -0.082816 0.001085 0.029339 0.011773 -0.111945 -0.099641 -0.049047 0.047229 -0.004325 -0.065253 0.051452 -0.076192 0.002276 -0.017958 -0.004686 -0.013333 
-0.030176 0.063556 0.077050 -0.122520 0.012125 -0.032968 0.061375 -0.005843 0.087122 -0.061693 -0.032194 -0.022001 0.024391 -0.081648 0.010640 0.070163 0.012199 -0.068576 -0.105849 -0.057188 0.035705 -0.020261 -0.049032 0.011983 -0.038299 -0.029663 -0.013399 -0.013828 -0.013175 
0.025646 -0.054827 -0.050288 0.110316 0.011596 0.034434 -0.079843 -0.098127 0.009541 -0.061636 0.025351 -0.007761 -0.144476 -0.066154 -0.032424 -0.083436 0.009128 -0.030444 0.012356 0.021310 0.057333 0.033702 0.114504 -0.075414 -0.048765 0.122681 -0.007615 -0.010155 -0.060813 
0.017431 -0.050716 -0.045612 0.106184 0.020826 0.021150 -0.070551 -0.085723 0.027746 -0.049473 0.015623 -0.033956 -0.142406 -0.056453 -0.016334 -0.074323 -0.002409 -0.021447 -0.034546 0.020125 0.084939 0.052403 0.113993 -0.034103 -0.028268 0.126772 0.021587 -0.017592 -0.089276 
0.011507 -0.042435 -0.040163 0.086037 0.013153 0.022617 -0.045214 -0.059567 0.046023 -0.024996 0.004198 -0.040246 -0.126265 -0.035055 0.000850 -0.062201 -0.010342 -0.023138 -0.039277 0.027275 0.085066 0.030049 0.067394 -0.016514 -0.018801 0.088297 0.013024 -0.025175 -0.036941 
0.008002 -0.031912 -0.028860 0.058393 -0.000052 0.022719 -0.022415 -0.041077 0.043966 0.002889 0.005725 -0.030704 -0.105724 -0.019521 0.020004 -0.043549 -0.025231 -0.020794 -0.046827 0.024968 0.083036 0.025434 0.063128 0.030965 0.015278 0.063813 0.020341 -0.050001 -0.019629 
0.002110 -0.023713 -0.020043 0.039745 -0.012554 0.021395 -0.015016 -0.022599 0.045963 0.023114 0.009633 -0.023424 -0.074943 0.003349 0.024742 -0.024477 -0.050981 -0.025807 -0.057450 0.054455 0.067200 0.015540 0.054755 0.062864 0.021263 0.042225 -0.004481 -0.053588 -0.000332 
-0.004500 0.022221 0.014118 -0.018032 0.009168 0.003637 0.024934 0.002739 0.060819 0.056797 -0.025252 -0.010539 0.066279 -0.027001 -0.047170 0.034468 0.005558 0.043792 -0.002721 0.019352 -0.045083 -0.049420 0.029850 -0.005057 -0.064552 0.027907 -0.030308 0.004682 -0.042628 
-0.009503 0.029199 0.024541 -0.045470 -0.003128 0.004667 0.049235 0.025009 0.077217 0.101073 -0.028825 0.006709 0.081955 -0.014182 -0.035601 0.036702 -0.020871 0.064687 0.000687 0.031336 -0.030605 -0.052304 0.042759 0.014363 -0.063482 0.029903 -0.056549 -0.038986 -0.064112 
-0.013764 0.041401 0.040696 -0.072001 -0.008316 -0.003805 0.069250 0.050325 0.082437 0.129750 -0.022225 0.025881 0.099271 0.021659 -0.013643 0.041349 -0.051264 0.071905 -0.015265 0.030850 -0.025155 -0.057524 0.031318 0.049993 -0.023043 0.017554 -0.056510 -0.063971 -0.042959 
-0.017907 0.050339 0.049175 -0.091970 -0.018949 -0.014641 0.095670 0.073249 0.090987 0.152072 -0.031507 0.037639 0.111756 0.045125 0.007549 0.051912 -0.081377 0.081427 -0.022222 0.043281 -0.030032 -0.050262 0.021096 0.080457 0.009840 0.022103 -0.056472 -0.105842 -0.042351 
-0.025430 0.054731 0.052622 -0.104841 -0.018737 -0.035794 0.102220 0.088448 0.076061 0.147003 -0.034550 0.036141 0.131959 0.072719 0.043395 0.065357 -0.094837 0.067671 -0.025314 0.029680 0.012962 -0.008477 0.051334 0.111318 0.001500 0.049230 -0.053728 -0.128136 -0.075884 
-0.000900 -0.005385 -0.005561 0.012656 -0.000348 0.012508 0.007652 -0.001777 0.012710 0.026405 0.008451 -0.015293 0.003743 -0.001052 0.007707 -0.012936 -0.004067 -0.001534 -0.004364 0.014615 0.005065 -0.068212 0.058176 0.011854 0.028211 -0.001080 0.064016 -0.028811 0.051653 
-0.001150 -0.006814 -0.005315 0.011637 0.003742 0.008705 0.000033 0.000486 0.002691 0.022947 0.004231 -0.014003 0.009944 0.000053 0.012141 -0.029668 -0.000105 0.013546 -0.004648 -0.007878 -0.014913 -0.115975 0.087801 0.008660 0.022261 -0.022501 0.096636 -0.044829 0.088537 
-0.000194 -0.006606 -0.001451 0.011456 0.007578 0.009823 -0.001452 -0.002415 -0.001865 0.017351 -0.004774 -0.011437 0.019971 -0.000934 0.009451 -0.043995 0.001871 0.030129 -0.004413 -0.016909 -0.023671 -0.132334 0.111294 0.007890 0.004230 -0.032531 0.113579 -0.052323 0.120166 
0.000345 -0.006698 -0.004025 0.008292 0.009268 0.008080 -0.004502 -0.003377 -0.008103 0.006388 -0.004141 -0.013790 0.026477 0.000833 0.001669 -0.042705 0.004300 0.029246 -0.008154 -0.008406 -0.027340 -0.122628 0.102295 -0.009784 0.002929 -0.028749 0.103525 -0.037648 0.109382 
0.013074 -0.038637 0.008390 0.021747 0.006291 0.030995 0.020912 -0.004528 -0.073989 0.108406 0.060762 0.008718 0.072385 -0.030298 -0.026215 -0.118669 -0.068641 0.027567 -0.093919 -0.301979 -0.026657 0.049458 0.087923 0.068409 -0.074093 0.014498 -0.035047 0.002624 0.195062 
0.005515 -0.023587 -0.004755 0.010522 0.002023 0.009898 -0.008194 0.003035 -0.064521 0.042351 0.018743 -0.040542 0.060095 -0.030004 0.021957 -0.041276 -0.003959 0.006040 -0.017753 -0.077827 -0.023925 -0.063989 0.076487 0.031452 -0.007755 -0.014702 0.060838 -0.014555 0.123128 
-0.000548 -0.004418 -0.002919 0.001874 0.004323 0.002276 -0.001268 0.010796 -0.048975 -0.013623 -0.002417 -0.018318 0.052975 -0.018463 0.019984 -0.048714 0.003721 0.027193 -0.012882 -0.002081 -0.009012 -0.118585 0.074130 0.001651 -0.007578 -0.023234 0.098700 -0.004039 0.095307 
-0.006295 0.014477 -0.001267 -0.002322 -0.004367 -0.006718 -0.003294 0.012598 -0.020605 -0.064172 -0.017884 -0.003691 0.045006 -0.022308 0.026722 -0.049127 0.019170 0.047853 -0.019524 0.055503 0.020306 -0.141940 0.056494 -0.021649 0.000647 -0.020619 0.095661 -0.018822 0.065351 
-0.013638 0.030743 -0.010733 -0.017934 -0.011413 -0.026095 -0.031374 0.021449 0.008184 -0.138215 -0.047394 -0.030939 0.022805 -0.009550 0.062906 0.033274 0.053735 0.008664 0.039827 0.293842 0.047629 -0.207151 0.004473 -0.053441 0.023135 -0.006108 0.132113 -0.000472 -0.033619 
0.010008 -0.048658 -0.040301 0.064546 -0.014160 0.013939 -0.014811 -0.015170 -0.028806 -0.031999 0.060695 -0.000659 -0.154446 0.070237 0.061147 -0.108793 -0.014095 -0.142109 -0.049908 0.015949 0.041413 -0.035801 -0.065161 0.032550 -0.042234 0.021692 -0.032674 -0.023098 -0.023487 
0.006080 -0.043041 -0.044066 0.055839 -0.020993 0.023763 -0.012914 -0.006425 -0.012504 -0.009022 0.059739 -0.015994 -0.158512 0.048396 0.038056 -0.114216 -0.037119 -0.137213 -0.071242 0.028744 0.033375 -0.041352 -0.053047 0.037836 -0.033698 0.002601 -0.017727 -0.009202 -0.017144 
0.014271 -0.030889 -0.033733 0.046712 -0.033389 0.052435 -0.020841 -0.004631 0.007387 -0.001263 0.054640 -0.021424 -0.125876 0.023523 -0.001838 -0.073820 -0.021936 -0.091693 -0.044202 -0.002111 -0.016662 -0.041126 -0.031242 0.072298 -0.010884 -0.052237 -0.030774 0.000128 0.032255 
0.013398 -0.019475 -0.018447 0.033642 -0.046905 0.041086 -0.017522 0.013426 -0.000978 0.010663 0.047442 -0.011896 -0.076534 0.014796 0.003571 -0.059262 -0.037771 -0.042699 -0.034835 -0.011756 -0.033003 -0.038327 -0.036010 0.089091 -0.010144 -0.040728 -0.044552 0.019585 0.052091 
0.012581 -0.030828 -0.025192 0.046782 -0.034154 0.046883 -0.020546 -0.011170 -0.005481 0.004328 0.052910 -0.013575 -0.108346 0.017763 -0.003120 -0.067870 -0.017422 -0.082769 -0.049249 0.002081 -0.033977 -0.066027 -0.015633 0.091052 -0.016439 -0.040737 -0.032730 0.020708 0.055735 
0.007966 -0.041360 -0.033901 0.066087 -0.022752 0.016542 -0.013844 0.000021 -0.013475 0.010530 0.050277 -0.025444 -0.137169 0.049226 0.048346 -0.099219 -0.049895 -0.144532 -0.056619 0.027317 0.017859 -0.043813 -0.047599 0.085317 -0.061707 -0.014279 -0.023838 -0.024204 0.012911 
-0.013767 0.017505 0.014165 -0.031505 0.032027 -0.027844 0.028928 -0.002037 0.029997 0.020301 -0.018771 -0.003889 0.072730 -0.000409 -0.000653 0.054617 0.033687 0.047538 0.025918 0.024457 -0.000443 -0.010239 0.013456 -0.057504 0.002295 0.028906 0.039596 -0.001082 -0.019739 
-0.016241 0.024590 0.024053 -0.045030 0.030411 -0.034296 0.026113 0.010780 0.052743 0.032808 -0.041476 0.003920 0.088832 -0.023797 0.005553 0.079531 0.030089 0.067014 0.035091 0.022008 -0.048341 -0.004644 -0.005404 -0.049587 0.021420 0.040991 0.040395 -0.024003 -0.029835 
-0.009385 0.036755 0.035112 -0.059195 0.026920 -0.032387 0.007230 0.023295 0.044164 0.025173 -0.042685 -0.001337 0.126532 -0.040116 -0.041485 0.106615 0.046539 0.108569 0.041772 -0.015385 -0.078795 0.054737 0.002716 -0.049096 0.051092 -0.010553 0.034556 0.011043 -0.035366 
-0.004424 0.045625 0.038495 -0.064668 0.016566 -0.034344 0.018053 0.015179 0.029822 0.005049 -0.044152 0.017244 0.153139 -0.055404 -0.062082 0.118689 0.041307 0.103409 0.060209 -0.014182 -0.082541 0.088304 0.022101 -0.041275 0.068694 -0.031930 0.006823 0.013429 -0.046770 
-0.004664 0.037572 0.034405 -0.059734 0.014478 -0.023727 0.012642 0.007959 0.042248 0.020515 -0.043535 0.010951 0.128850 -0.038603 -0.054992 0.128007 0.064597 0.104421 0.055132 -0.026301 -0.053658 0.059949 0.045881 -0.068742 0.057918 -0.012556 0.010541 0.023495 -0.050744 
-0.013321 0.026149 0.019775 -0.041801 0.021027 -0.033799 0.033433 0.008328 0.036988 0.025933 -0.037592 0.002334 0.094811 -0.019207 -0.008696 0.070369 0.021278 0.075598 0.043223 0.028151 -0.024669 -0.001289 0.029984 -0.068873 0.038927 0.045898 0.042928 -0.023989 -0.036205 
0.025774 -0.108985 0.060014 0.016153 0.089764 0.124513 -0.097233 0.113329 -0.070422 0.046779 0.105244 0.007864 0.189981 -0.084958 -0.091206 -0.026648 -0.126723 -0.102229 -0.065087 -0.006397 0.038837 -0.071566 -0.076148 0.001182 -0.086234 0.084213 0.089685 -0.003997 -0.011084 
0.002038 -0.076736 0.036968 -0.000565 0.033301 0.090956 -0.063906 0.045651 -0.054101 -0.008288 0.035177 0.006643 0.122780 -0.048185 -0.026002 -0.052385 -0.041608 -0.059430 -0.061774 0.020576 -0.008736 -0.120533 -0.001722 -0.034304 -0.101893 0.047078 0.061852 0.030522 -0.050963 
-0.005665 -0.043388 0.007588 0.003044 0.012085 0.046483 -0.033763 0.025913 -0.044992 -0.024819 -0.008523 -0.003818 0.084125 -0.031537 0.015730 -0.072475 -0.008612 -0.009817 -0.048860 -0.009323 0.005564 -0.118363 0.060476 -0.047746 -0.054646 0.010479 0.068368 0.023195 -0.015851 
-0.000406 -0.004888 -0.003924 -0.004292 0.001383 0.001873 -0.004636 0.007445 -0.051566 -0.029811 0.004167 -0.008365 0.064935 -0.030883 0.028373 -0.052990 -0.019149 0.033611 -0.023481 0.009022 0.013723 -0.089775 0.071721 -0.015419 -0.019706 0.003911 0.075934 0.011474 0.054253 
0.003360 0.031595 -0.020139 -0.014317 -0.009164 -0.041221 0.031337 0.012452 -0.068905 -0.046653 0.013725 -0.024031 0.035493 -0.034622 0.063837 -0.055505 -0.016135 0.081070 -0.013025 0.026217 0.029679 -0.053514 0.057239 0.005594 0.042136 0.001822 0.072004 -0.005182 0.106512 
-0.000924 0.069128 -0.044253 -0.014895 -0.031058 -0.095637 0.063025 -0.013888 -0.066788 -0.079649 -0.026706 -0.032214 -0.013751 -0.009708 0.087479 -0.060478 0.029327 0.132069 -0.010592 0.028589 0.043400 -0.010711 0.103998 0.010176 0.077271 -0.014476 0.038994 -0.024029 0.123473 
-0.024239 0.108912 -0.066612 -0.030434 -0.092098 -0.148436 0.096870 -0.073780 -0.074282 -0.151595 -0.080755 -0.028312 -0.091875 0.025341 0.152897 -0.049752 0.117488 0.177927 -0.005201 0.017635 -0.012301 0.035751 0.110014 0.022845 0.089225 -0.047150 -0.058301 0.021927 0.063980 
0.001861 0.087952 -0.066252 -0.024868 -0.021723 -0.090145 0.067229 -0.011672 -0.098281 -0.109161 0.003249 -0.008104 -0.011958 -0.019941 0.091265 -0.062071 0.087042 0.104356 0.006413 0.013696 -0.000914 -0.010055 0.098973 0.025922 0.019590 -0.010750 0.015992 -0.027524 0.053934 
0.017672 0.058330 -0.035599 -0.023434 0.009477 -0.050100 0.038773 0.013516 -0.105519 -0.094744 0.041169 -0.005567 0.010625 -0.036553 0.042497 -0.053979 0.075987 0.075022 -0.006892 0.023079 0.000606 -0.058715 0.068622 -0.048927 -0.012115 0.011179 0.042139 -0.014537 0.078971 
0.001111 0.002174 -0.003620 -0.012187 0.005984 -0.006694 0.001403 0.019692 -0.096500 -0.069712 0.018454 -0.010737 0.070562 -0.035077 0.025397 -0.046092 -0.017944 0.044215 -0.023784 0.015468 0.016679 -0.064856 0.051699 -0.030052 -0.042540 0.000245 0.035809 0.000569 0.053567 
-0.011540 -0.054401 0.032433 -0.002115 0.002645 0.044128 -0.028229 0.031497 -0.095945 -0.040860 -0.004162 -0.027743 0.117149 -0.031397 -0.004456 -0.038041 -0.081570 0.017202 -0.046392 0.001465 0.024665 -0.079383 0.050658 -0.033912 -0.043553 0.022609 0.020561 0.026430 0.015628 
-0.000347 -0.084303 0.061904 0.005427 0.024616 0.076775 -0.063750 0.057250 -0.085967 -0.019112 0.018874 -0.015317 0.124489 -0.055239 -0.022523 -0.037154 -0.093403 -0.025376 -0.074483 0.013104 0.033910 -0.080798 0.031611 -0.058113 -0.057990 0.047506 0.037905 0.046951 -0.023496 
-0.001810 -0.062747 0.051403 -0.001793 0.019722 0.071672 -0.052445 0.048412 -0.061878 -0.011666 0.024567 -0.016401 0.124553 -0.042614 -0.037684 -0.037508 -0.056289 -0.031779 -0.037783 -0.006174 0.022680 -0.103824 0.038691 -0.073383 -0.064202 0.029723 0.090758 0.023148 0.004426 
-0.000756 -0.000533 -0.000520 -0.005179 -0.002216 -0.003423 -0.007996 0.010488 -0.069687 -0.046548 0.010757 -0.011966 0.067666 -0.037122 0.026238 -0.053422 -0.017283 0.039775 -0.036471 0.008731 0.014450 -0.079740 0.060616 -0.034861 -0.025935 0.014625 0.047381 0.007685 0.046561 
0.001298 0.061294 -0.052999 -0.009844 -0.022433 -0.081520 0.056830 -0.014978 -0.089594 -0.077263 0.001075 -0.022244 -0.006867 -0.025638 0.082610 -0.075537 0.033226 0.087134 -0.023768 0.002108 -0.004976 -0.029575 0.079374 0.022579 0.055027 -0.006362 0.036569 0.006665 0.082982 
0.010616 0.073422 -0.061291 -0.012525 -0.010576 -0.084598 0.065170 -0.017055 -0.098511 -0.087793 0.012324 -0.004830 -0.007157 -0.020901 0.086084 -0.080925 0.039277 0.089475 -0.017186 0.016044 -0.009848 -0.027205 0.085944 0.028053 0.054154 -0.001042 0.040707 0.000090 0.080916 
0.002256 0.001816 -0.000008 -0.007599 0.003288 -0.003137 -0.000781 0.016766 -0.087932 -0.053038 0.016339 -0.012619 0.071604 -0.029439 0.025716 -0.049276 -0.018687 0.039028 -0.031922 0.018623 0.008195 -0.074130 0.061285 -0.028508 -0.018798 0.006043 0.048799 0.013027 0.041250 
-0.007192 -0.070008 0.057148 -0.001809 0.016682 0.082332 -0.057658 0.052653 -0.074755 -0.018699 0.018317 -0.029474 0.135740 -0.042869 -0.025197 -0.028679 -0.070722 -0.032890 -0.040722 -0.000140 0.027468 -0.103766 0.021935 -0.061361 -0.060532 0.027800 0.073054 0.026410 0.001003 
-0.026550 0.050518 0.027820 0.004456 -0.068588 0.082890 0.026192 0.091573 0.096928 -0.080391 0.251966 -0.036786 0.059382 0.006135 -0.046420 -0.043940 0.008158 -0.036306 0.019378 0.067837 0.003041 0.088259 0.118914 -0.007828 0.045388 -0.012636 0.009084 -0.069263 0.013993 
-0.015584 0.029986 0.004961 0.041003 -0.083239 0.088198 0.029302 0.095660 0.097411 -0.089051 0.242967 -0.042918 0.065019 0.053873 -0.022112 -0.010018 -0.010457 0.032785 0.031617 0.041316 -0.025333 0.086046 0.094372 -0.041660 0.024123 0.017469 0.035835 -0.009224 0.038925 
-0.002546 0.008276 -0.016096 0.068169 -0.098165 0.086158 0.039185 0.102219 0.105271 -0.104341 0.221637 -0.054908 0.065211 0.095251 0.003787 0.025145 -0.024965 0.086155 0.032766 0.011071 -0.068071 0.089912 0.064560 -0.056946 -0.017534 0.051697 0.057460 0.044989 0.069019 
0.015704 -0.021429 -0.038247 0.082147 -0.094953 0.058297 0.040781 0.089063 0.085666 -0.095726 0.140803 -0.050848 0.046281 0.103949 0.014053 0.044779 -0.033421 0.106418 0.031852 -0.019094 -0.081330 0.047084 0.021443 -0.036862 -0.046305 0.048975 0.052721 0.074407 0.076279 
0.081379 -0.047121 -0.079072 0.066728 -0.053274 -0.022325 -0.003696 0.222939 0.012454 -0.147734 0.016934 -0.080119 0.097915 -0.001245 0.182926 0.105811 0.170558 -0.022868 -0.049068 -0.119807 0.161930 -0.007868 -0.124217 0.022226 0.108512 -0.054959 -0.024058 0.023888 0.127088 
0.122980 -0.068772 -0.079353 0.057393 -0.009062 -0.098798 0.038507 0.192158 -0.027102 -0.115817 -0.059386 -0.006169 0.071768 0.047760 0.051094 0.039540 0.068536 -0.070883 -0.006211 -0.129857 0.139331 -0.008747 -0.042055 0.024204 0.027808 -0.127929 0.049468 0.023466 0.001995 
0.175764 -0.075809 -0.059528 0.042185 0.014956 -0.195738 0.042594 0.122709 -0.043030 -0.110170 -0.074668 0.038625 0.054357 0.020676 -0.138700 -0.018151 -0.013790 -0.082221 -0.070490 -0.006035 -0.004747 0.031928 -0.022561 0.042953 0.094238 -0.044352 0.109304 0.013701 0.014735 
0.214381 -0.076252 -0.030463 0.031410 0.033398 -0.211076 0.031523 0.107367 -0.007837 -0.053001 -0.056559 0.022255 0.058758 -0.100743 -0.137025 -0.046927 -0.129611 -0.106442 0.027048 0.122651 -0.127728 0.051219 0.027949 -0.035971 -0.005712 -0.061471 -0.048536 0.053834 0.071181 
0.227550 -0.063660 -0.022382 0.025397 0.029114 -0.224509 0.043082 0.104166 0.030179 0.004936 -0.051852 -0.000578 -0.010976 -0.113503 -0.142652 -0.020574 -0.121592 -0.172203 0.127952 0.096644 -0.133611 0.087551 0.071829 -0.068200 -0.011407 -0.063479 0.137259 0.012367 0.004798 
0.214366 -0.075776 -0.031121 0.037684 0.018901 -0.214126 0.027437 0.102779 0.080878 0.019520 -0.071539 -0.014460 0.008767 -0.100995 -0.131508 0.001189 -0.082346 -0.149078 0.035783 0.091594 -0.072812 0.041457 0.166239 -0.014384 0.048476 0.061405 -0.053731 0.115758 -0.034309 
0.177905 -0.080657 -0.054259 0.045736 0.013211 -0.178459 0.045479 0.116115 0.131101 0.023087 -0.109713 0.002516 -0.024287 -0.019486 -0.121022 0.026756 0.028827 -0.075647 -0.043587 0.033494 0.057057 -0.033941 0.055239 -0.078945 -0.000382 0.017113 -0.068416 -0.059080 0.065942 
0.130057 -0.069103 -0.075731 0.071631 -0.001902 -0.083027 0.026003 0.135219 0.236287 0.007605 -0.117475 0.025221 -0.021943 -0.024043 0.015617 -0.052059 0.118433 0.054776 -0.123893 -0.019941 0.163906 -0.051371 0.029396 -0.105532 -0.046278 -0.005768 -0.048820 0.005861 -0.012190 
0.095304 -0.046399 -0.073745 0.102088 -0.038058 -0.014706 -0.020961 0.150260 0.324925 -0.025026 -0.065515 -0.015166 0.002577 -0.097646 0.152444 -0.054509 0.233087 0.085171 -0.158610 -0.090756 0.233725 -0.013034 0.014443 -0.115704 -0.005357 0.067619 -0.073501 0.021094 0.002156 
0.019308 -0.030054 -0.044073 0.082036 -0.080296 0.042747 0.039132 0.078000 0.107950 -0.090342 0.112689 -0.067200 0.015068 0.086634 -0.016309 0.046452 -0.055242 0.088332 0.017877 -0.017277 -0.061525 0.105167 -0.007650 -0.046754 -0.064013 0.061006 -0.017554 0.025283 -0.022550 
0.001662 -0.001306 -0.023140 0.069044 -0.086100 0.073955 0.036482 0.090913 0.129861 -0.094188 0.191385 -0.072568 0.032854 0.082896 -0.029023 0.028637 -0.045820 0.062587 0.021105 0.003175 -0.062212 0.146919 0.009441 -0.060295 -0.033784 0.045919 -0.003698 0.009870 -0.011792 
-0.011395 0.021010 -0.002861 0.045464 -0.081390 0.084033 0.029553 0.087198 0.124709 -0.075893 0.223206 -0.055623 0.039683 0.048358 -0.049966 0.001708 -0.018948 0.007231 0.023964 0.031657 -0.028356 0.123477 0.026566 -0.034158 0.017867 -0.009822 -0.001974 -0.018608 -0.002144 
-0.022679 0.041411 0.019654 0.012129 -0.073100 0.086201 0.032041 0.082950 0.123465 -0.063666 0.246552 -0.040973 0.053313 0.005808 -0.063799 -0.026872 0.023995 -0.054918 0.021094 0.062657 -0.009866 0.093568 0.048300 0.007777 0.053309 -0.050835 0.003084 -0.059091 0.008964 
-0.080599 0.029179 0.026664 -0.000855 0.141162 -0.085930 -0.081713 0.091032 -0.007051 -0.087339 0.117172 -0.021039 -0.011138 0.046445 0.011941 -0.084768 0.004126 -0.026980 0.015137 0.057346 0.046031 0.041867 0.041618 -0.052461 0.063721 -0.072608 -0.022900 0.001958 -0.014413 
-0.088152 0.026561 0.026826 0.017055 0.223217 -0.095038 -0.113512 0.056499 0.016153 -0.113751 0.053329 -0.078396 0.013004 0.036453 0.002959 -0.081052 0.031240 0.054333 0.023103 0.017393 0.019887 0.028981 0.028266 0.018434 0.048628 -0.080097 -0.052268 -0.026262 -0.052365 
-0.091140 0.028908 0.033371 0.019315 0.239997 -0.093804 -0.116584 0.051948 0.021780 -0.091491 0.010232 -0.092461 0.010305 0.043656 0.014963 -0.052535 0.018246 0.065534 -0.007237 0.006299 0.014808 0.034994 0.046373 0.042723 -0.017459 -0.041422 -0.042640 -0.000782 -0.030274 
-0.089071 0.032256 0.039431 0.018530 0.251747 -0.088716 -0.109387 0.058950 0.019946 -0.046593 -0.015848 -0.077154 0.005000 0.065751 0.042410 -0.032802 -0.021481 0.025214 -0.042484 0.000541 0.003108 0.078931 0.079121 0.043692 -0.079892 0.028240 -0.057475 -0.013897 -0.014859 
-0.080968 0.031411 0.040508 0.019010 0.243843 -0.083213 -0.087184 0.044557 0.019837 0.003770 -0.008057 -0.044592 0.025749 0.081215 0.032396 -0.004192 -0.075362 0.013666 -0.043659 0.013570 0.009324 0.096554 0.088244 0.031213 -0.121212 0.072468 -0.007538 -0.004272 0.009767 
-0.082415 0.032041 0.039924 0.017301 0.250284 -0.087625 -0.097895 0.040891 0.042010 0.029116 0.014728 -0.056064 0.022488 0.102068 0.042566 0.020618 -0.067739 -0.031913 -0.026849 -0.017418 -0.039376 0.051566 0.026625 0.039713 -0.079483 0.054516 0.010957 0.019001 0.061509 
-0.090377 0.026861 0.039531 0.019499 0.260297 -0.083776 -0.103313 0.038509 0.067285 0.007921 -0.004753 -0.070221 -0.006076 0.086112 0.026053 0.008097 -0.011501 -0.009905 -0.000244 -0.040462 -0.067587 -0.006972 -0.010004 0.046966 -0.028443 -0.003751 0.017504 0.021265 0.057930 
-0.087860 0.020803 0.028258 0.024260 0.250230 -0.086165 -0.106674 0.035519 0.100704 -0.003559 0.005380 -0.087116 -0.020647 0.083749 0.007597 -0.001813 0.032251 0.019784 0.026374 -0.028185 -0.076005 -0.040496 -0.062853 0.068100 0.037862 -0.075461 0.033202 0.018616 0.071379 
-0.085181 0.015459 0.023402 0.022965 0.227135 -0.076836 -0.098758 0.047288 0.121639 0.027344 0.033041 -0.089069 -0.032387 0.074425 0.004257 -0.028316 0.025831 0.040624 0.039936 0.008924 -0.044485 -0.074127 -0.057210 0.067289 0.061093 -0.103302 0.030977 -0.016740 0.056620 
-0.076957 0.021723 0.020425 0.007793 0.140188 -0.049493 -0.066105 0.064422 0.131556 0.052316 0.083510 -0.053452 -0.064197 0.054105 -0.005427 -0.039800 0.022667 -0.020907 0.010254 0.038373 -0.007267 -0.046645 0.028539 -0.032266 0.067925 -0.099958 0.029392 0.013304 0.060319 
-0.033084 0.044925 0.046405 -0.049086 0.042615 0.038411 -0.061262 0.021969 -0.021690 0.036111 -0.032353 0.059571 -0.003017 -0.052150 0.028757 0.017238 0.096718 -0.079153 -0.072627 -0.006025 -0.038075 0.097012 0.080931 -0.018024 -0.072945 0.013069 0.050283 0.133916 0.082080 
-0.019271 0.036392 0.035309 -0.051180 0.016357 0.040359 -0.047775 0.003472 -0.043485 0.044974 -0.054673 0.033178 -0.003585 -0.018998 0.034076 0.019475 0.097997 -0.068346 -0.052929 0.039615 -0.037373 0.141665 0.058373 0.004657 -0.099820 0.067007 0.078442 0.141023 0.111429 
-0.003632 0.015905 0.018253 -0.049835 -0.003507 0.030429 -0.017272 -0.024025 -0.042230 0.055667 -0.060699 -0.012668 0.010858 0.013329 0.038200 0.004846 0.104702 -0.053784 0.010387 0.083683 -0.017448 0.206022 0.011180 0.029548 -0.110543 0.137016 0.103784 0.152509 0.157747 
0.008084 -0.003436 -0.005386 -0.051416 -0.013633 0.023524 0.003588 -0.042171 -0.032385 0.053118 -0.067338 -0.001398 0.029816 0.009924 0.017778 -0.055038 0.075903 -0.024856 0.025318 0.099666 -0.034366 0.213577 -0.044935 0.033281 -0.104648 0.155581 0.130280 0.140786 0.176361 
0.028433 -0.026157 0.009015 -0.065085 -0.036045 0.065504 -0.065650 -0.012166 -0.004507 -0.044874 -0.078458 -0.016145 0.004045 0.056498 0.023501 0.001646 0.080529 -0.022401 0.005775 0.170101 -0.036939 0.005845 0.000263 0.011309 -0.018462 -0.016060 0.047487 0.047113 0.019458 
0.028082 -0.019796 0.005846 -0.055130 -0.029556 0.058823 -0.044446 -0.036219 -0.011777 0.015244 -0.068054 -0.022360 0.033302 0.061852 0.010457 -0.026693 0.105876 -0.036503 -0.007760 0.123083 -0.037097 0.097061 0.001492 0.032221 -0.063717 0.048539 0.060644 0.052783 0.081040 
0.026368 -0.020804 -0.001247 -0.054854 -0.022279 0.044408 -0.031724 -0.044650 -0.012920 0.047873 -0.065419 -0.036892 0.046747 0.063691 0.027738 -0.029815 0.111484 -0.053285 0.001834 0.114632 -0.019319 0.131497 -0.016447 0.052271 -0.064542 0.071406 0.079384 0.078825 0.104172 
0.027360 -0.021921 0.001881 -0.054804 -0.026920 0.055929 -0.042071 -0.033233 0.000324 0.026443 -0.064936 -0.029899 0.030163 0.056168 0.017539 -0.025860 0.124890 -0.036079 0.003483 0.105482 -0.011499 0.115151 -0.000906 0.032217 -0.051064 0.055707 0.062815 0.069807 0.082099 
0.029090 -0.026308 0.008120 -0.060172 -0.037359 0.060819 -0.063544 -0.011036 0.018424 -0.026461 -0.091500 -0.022947 -0.009034 0.056284 0.023926 0.006941 0.099633 -0.033096 0.015651 0.156342 -0.028117 0.029970 -0.000885 -0.001312 0.006534 -0.005737 0.058528 0.046801 0.001720 
-0.030263 0.037916 0.035757 -0.009230 0.030468 0.018018 -0.018575 0.008458 -0.029519 0.030132 0.074610 0.051818 0.006429 -0.065163 0.014702 -0.024916 0.032440 -0.092021 -0.029523 0.050209 0.055668 0.043741 0.061616 -0.039473 0.099980 -0.047556 -0.012071 -0.055930 -0.043179 
-0.039980 0.038666 0.029259 0.009717 0.050806 0.004352 -0.030755 0.016313 -0.047117 0.034790 0.075780 0.082921 -0.003591 -0.082233 0.045971 -0.037633 0.006034 -0.120869 -0.037425 0.015625 0.043192 0.057040 0.063320 -0.127418 0.097749 0.008177 -0.021506 -0.092436 -0.070474 
-0.037941 0.040133 0.023134 -0.004256 0.046062 0.011052 -0.027874 0.008614 -0.054772 0.038371 0.066313 0.096163 0.007313 -0.098654 0.058804 -0.041372 0.042201 -0.117345 -0.051526 0.023664 0.016848 0.056770 0.071078 -0.128673 0.082147 0.002452 -0.024145 -0.066697 -0.052242 
-0.026116 0.044234 0.028720 -0.044477 0.028188 0.023638 -0.031110 -0.002312 -0.036164 0.029887 0.026385 0.077089 0.027022 -0.063000 0.023659 0.000515 0.071232 -0.058139 -0.074514 0.016228 0.030898 0.039078 0.069301 -0.031869 0.020689 -0.008130 -0.019694 -0.004701 0.028319 
-0.010463 0.040650 0.028816 -0.054799 0.019362 0.036941 -0.022450 -0.011398 -0.044967 0.036396 0.044260 0.089505 0.040861 -0.086884 0.016405 0.029228 0.047210 -0.053121 -0.074809 0.039757 0.055757 0.061007 0.101757 -0.054587 0.067001 -0.090652 -0.039751 -0.022344 0.027194 
-0.010417 0.035256 0.030206 -0.042596 0.016059 0.041520 -0.019795 -0.027493 -0.039221 0.031005 0.057733 0.077370 0.048281 -0.107194 -0.003704 0.005518 0.025334 -0.053476 -0.067629 0.036027 0.058483 0.054476 0.104334 -0.045869 0.114638 -0.079167 -0.050246 -0.037278 -0.006731 
-0.028170 0.041866 0.029295 -0.032813 0.032741 0.033787 -0.021968 -0.004176 -0.001542 0.037909 0.022140 0.069824 0.001106 -0.054168 0.025345 0.004691 0.066286 -0.062817 -0.068879 0.015917 -0.003871 0.017337 0.046920 -0.011713 0.026464 -0.037457 0.010151 0.009702 0.024729 
-0.039421 0.035660 0.028303 0.008633 0.041686 0.013368 -0.017029 -0.003266 -0.012242 0.073504 0.063144 0.080873 -0.027792 -0.076918 0.035679 -0.001491 0.053157 -0.148329 -0.043250 0.006536 -0.041954 0.034622 0.054374 -0.123009 0.115573 -0.017205 0.035147 -0.033772 -0.019241 
-0.042020 0.030522 0.028047 0.014685 0.048885 0.011632 -0.014098 0.009635 0.001406 0.080736 0.078852 0.072119 -0.041193 -0.050223 0.036554 -0.004340 0.026593 -0.149294 -0.031469 0.019719 -0.019130 0.024216 0.053741 -0.100641 0.131719 -0.024446 0.041988 -0.051435 -0.023331 
-0.029303 0.032719 0.031898 -0.005900 0.022895 0.029451 -0.010992 -0.000720 -0.000956 0.042074 0.075262 0.043077 0.003969 -0.059523 -0.000069 -0.001950 0.030731 -0.108632 -0.040540 0.033347 0.023556 0.021480 0.027957 -0.024707 0.102061 -0.073561 0.003094 -0.043613 0.006744 
-0.010393 0.030386 0.031847 -0.037622 0.009866 0.052854 -0.013128 -0.037238 0.017007 0.066147 0.054568 0.066150 -0.001998 -0.088703 -0.030378 0.036742 0.041245 -0.072621 -0.059036 0.053449 -0.007608 0.030459 0.050782 -0.030830 0.145383 -0.134278 -0.012798 -0.026489 0.050032 
-0.011989 0.035158 0.029659 -0.045262 0.016611 0.052463 -0.012394 -0.026679 0.004750 0.059098 0.036055 0.081241 -0.002079 -0.094421 -0.015467 0.042380 0.060148 -0.067903 -0.062831 0.032486 -0.022511 0.043721 0.075891 -0.039676 0.127672 -0.121340 -0.026956 -0.016166 0.061939 
0.129540 -0.072626 0.040444 -0.106688 -0.004758 0.095231 -0.118552 0.031295 -0.004324 -0.013010 -0.012658 -0.042284 0.028946 0.018520 -0.001217 0.046399 -0.127767 0.075561 -0.048242 -0.044409 0.099419 -0.037348 -0.029414 0.012765 0.128153 -0.074636 0.033292 0.035152 0.036298 
0.093669 -0.064923 0.027280 -0.098481 -0.007665 0.117082 -0.081176 0.009044 -0.003312 -0.004413 -0.068243 -0.106258 0.061643 0.062187 0.020743 -0.052100 -0.050707 -0.005047 -0.037220 -0.048412 -0.016488 0.031818 0.043977 -0.008070 0.041758 -0.104751 -0.000539 -0.059693 0.023466 
0.060844 -0.063066 0.007509 -0.077178 -0.025524 0.105240 -0.058695 -0.025102 0.032840 -0.023428 -0.127101 -0.153483 0.070621 0.080141 0.038036 -0.118413 0.039265 -0.040738 -0.009029 -0.026455 -0.056876 0.055272 0.084974 -0.062885 0.028819 -0.094288 -0.022250 -0.092066 -0.008167 
0.054441 -0.068801 -0.001817 -0.071921 -0.020126 0.113934 -0.041260 -0.041314 0.042881 -0.030853 -0.157091 -0.156803 0.058739 0.112676 0.026365 -0.140126 0.047653 -0.041390 0.007899 -0.023817 -0.076666 0.069107 0.092488 -0.064821 0.025073 -0.097778 -0.048505 -0.105674 -0.021624 
0.061878 -0.063252 0.002364 -0.075547 -0.025139 0.117877 -0.046393 -0.021266 0.041894 -0.020677 -0.138735 -0.159612 0.065701 0.083807 0.046869 -0.115632 0.040897 -0.051562 0.001970 -0.021474 -0.053536 0.060201 0.086641 -0.051913 0.041424 -0.087334 -0.049336 -0.109301 -0.025273 
0.095530 -0.073118 0.029521 -0.097665 -0.004451 0.130800 -0.069741 0.000413 0.040459 0.008186 -0.078619 -0.103499 0.038896 0.067462 0.005272 -0.043757 -0.030350 -0.024845 -0.022938 -0.030404 -0.012025 0.038331 0.067996 -0.033771 0.064684 -0.068384 -0.016860 -0.082012 -0.001543 
0.128727 -0.070970 0.048391 -0.101296 0.008156 0.111174 -0.103287 0.016066 0.044349 0.012511 -0.024307 -0.046525 -0.026215 0.031136 -0.009165 0.066952 -0.132099 0.066203 -0.021397 -0.044614 0.111743 -0.023658 0.033362 0.017712 0.154438 -0.039125 0.006508 0.016975 -0.012073 
0.175071 -0.007218 -0.009432 -0.140016 0.036803 0.020086 -0.064573 -0.028629 0.004845 -0.009436 0.064804 0.027151 -0.072659 0.011889 0.023231 0.055138 -0.030077 0.045586 0.007457 -0.006108 0.015274 -0.050729 0.015405 0.073775 0.002807 0.043489 -0.056754 -0.023330 -0.043541 
0.227300 0.044054 -0.039256 -0.166095 0.087331 0.011031 -0.050407 -0.021964 -0.005874 0.000293 0.150125 0.080356 -0.115579 -0.002854 0.042336 0.051694 0.054678 0.080108 0.029059 0.003356 0.003776 -0.045788 -0.014996 0.094562 -0.070317 0.040929 -0.020576 -0.030701 -0.033900 
0.248321 0.063864 -0.045160 -0.175029 0.106124 -0.000087 -0.045820 -0.008276 -0.013529 0.014504 0.192484 0.098777 -0.100286 -0.013798 0.048470 0.044714 0.085370 0.088907 0.030451 0.003638 0.002020 -0.049659 -0.017643 0.087602 -0.104229 0.034013 -0.007075 -0.012840 0.011407 
0.230180 0.045920 -0.037965 -0.164472 0.088316 0.003188 -0.044821 -0.011323 -0.040021 0.004561 0.169767 0.084721 -0.082552 -0.010896 0.042462 0.046087 0.069203 0.087540 0.017473 -0.022190 0.006329 -0.041109 -0.037244 0.086070 -0.092208 0.024633 -0.019990 -0.007149 0.024159 
0.180507 -0.005011 -0.007327 -0.138218 0.048022 0.029089 -0.058648 -0.017786 -0.029336 -0.016221 0.084582 0.034945 -0.060509 0.015605 0.021151 0.038404 -0.008641 0.065228 0.004776 -0.013375 0.007627 -0.056343 0.000851 0.062764 -0.039363 0.010238 -0.027908 -0.019031 -0.001477 
0.086991 -0.067102 0.014725 -0.093238 -0.007610 0.089596 -0.068734 -0.025786 0.016086 -0.025257 -0.088905 -0.086704 0.029739 0.075122 0.045949 -0.040292 -0.020385 -0.008743 -0.009860 -0.063665 -0.036800 0.010215 0.039662 0.008543 0.012820 -0.043228 -0.037870 -0.018777 -0.030594 
0.067575 -0.071992 0.008001 -0.081531 -0.024139 0.082657 -0.060143 -0.050795 0.029920 -0.018249 -0.114767 -0.098428 0.019682 0.118218 0.023991 -0.050603 -0.005054 -0.036633 -0.003763 -0.025211 -0.079462 -0.003189 0.037135 0.016533 -0.012029 -0.054132 -0.049253 -0.024385 -0.060161 
0.087092 -0.066082 0.015696 -0.088584 -0.005556 0.096914 -0.066635 -0.037615 0.034640 -0.019056 -0.096889 -0.088357 0.020312 0.076475 0.033081 -0.038894 -0.020404 -0.020959 0.007994 -0.045590 -0.055659 0.006576 0.038965 0.014950 0.012016 -0.030906 -0.066626 -0.019728 -0.048470 
0.193975 0.042725 -0.050410 -0.129518 0.083781 0.023350 -0.035957 -0.009443 0.008180 0.009869 0.083116 0.011791 -0.019989 0.000658 0.002702 -0.041062 0.010699 0.016863 0.009706 -0.018957 -0.064148 0.060954 0.021319 0.015847 0.000385 0.038541 0.041516 -0.074434 -0.008226 
0.217431 0.067211 -0.069135 -0.143068 0.102192 0.001477 -0.030598 0.008124 -0.016908 0.018567 0.138434 0.021148 -0.011372 -0.005123 0.016233 -0.051714 0.031089 -0.000661 0.002149 0.004053 -0.062752 0.066054 -0.006130 -0.005341 -0.013355 0.025309 0.084986 -0.069979 -0.015875 
0.197153 0.043265 -0.052994 -0.137301 0.079124 0.014490 -0.037309 0.004336 -0.017102 -0.000132 0.097910 0.016159 -0.013804 -0.008153 0.011749 -0.034656 0.011965 0.017878 -0.002838 -0.021989 -0.048474 0.060382 0.009908 -0.006645 0.014308 0.033565 0.048202 -0.068785 0.006900 
0.029654 -0.069343 -0.053386 0.054536 0.053108 -0.035731 0.062873 -0.124469 -0.001964 -0.009444 0.008966 -0.048685 -0.033839 0.043835 0.118333 0.123273 -0.053218 -0.031666 -0.155866 0.017259 -0.048012 0.047513 0.004565 -0.074444 -0.059873 -0.020578 0.023078 0.008419 -0.032918 
0.027233 -0.070232 -0.055972 0.059104 0.061589 -0.032598 0.062832 -0.114516 -0.004118 -0.003485 0.013647 -0.026754 -0.022191 0.033398 0.129590 0.148092 -0.062415 -0.027353 -0.163692 -0.004413 -0.107156 0.024293 0.003565 -0.092188 -0.034189 -0.023090 0.020543 -0.002985 -0.052379 
0.026289 -0.067720 -0.054316 0.059033 0.053213 -0.024744 0.066306 -0.091012 0.002318 -0.009998 0.014990 -0.006423 -0.010904 0.032348 0.143925 0.161393 -0.062871 -0.016034 -0.161255 -0.032844 -0.166468 0.004435 0.000966 -0.103796 -0.030767 0.001975 0.016879 -0.002312 -0.064691 
0.024753 -0.060254 -0.045620 0.051548 0.036360 -0.014217 0.069731 -0.062718 0.007226 -0.015456 0.017894 0.010867 0.011968 0.028649 0.135542 0.136358 -0.040356 -0.000579 -0.121202 -0.046105 -0.173273 -0.018567 -0.006483 -0.087107 -0.026682 0.037123 0.009478 -0.003532 -0.063496 
0.096757 -0.020897 0.106621 0.123434 0.191726 0.203283 0.130621 -0.031500 0.031432 -0.213699 -0.069876 0.150437 0.081240 -0.037514 0.318338 0.155771 -0.109606 -0.211406 0.362422 -0.006204 -0.078558 -0.059527 0.001201 0.025269 0.163538 0.150775 -0.225861 -0.065468 0.291332 
0.114660 0.044831 0.179254 0.155898 0.157762 0.134053 0.187824 -0.029142 0.000783 -0.197263 -0.099897 0.318309 0.093443 0.179786 0.082972 -0.004401 0.054914 -0.133198 0.240822 -0.156029 0.214045 0.042452 0.230537 0.059552 -0.229080 -0.100547 0.031797 0.096146 -0.201719 
0.130068 0.097709 0.245156 0.176036 -0.003271 -0.058954 -0.025243 -0.168079 0.016364 -0.189243 -0.043306 0.324298 0.144777 0.349975 -0.223256 -0.139965 0.078622 0.056374 -0.340241 -0.058710 -0.017221 0.070506 -0.119247 0.160841 0.247016 0.129431 0.249600 -0.050422 -0.080214 
0.141305 0.069506 0.323149 0.129162 -0.154439 -0.163520 -0.203316 -0.158521 0.077642 -0.052424 0.030587 0.148511 0.159075 -0.040284 0.151590 -0.213217 -0.149575 0.144941 -0.133529 0.291378 -0.093682 -0.001366 -0.139129 -0.110956 -0.126064 -0.055868 -0.427163 -0.055184 0.216394 
0.119537 0.042993 0.349726 0.140598 -0.225351 -0.246943 -0.175566 -0.101830 0.060978 0.149698 0.087288 -0.112611 -0.037687 -0.128198 0.287133 -0.015851 -0.071816 -0.016547 0.282571 -0.174358 0.040177 0.085608 -0.109186 -0.009463 -0.128803 -0.206343 0.432752 -0.202182 -0.075401 
0.135074 0.062442 0.339820 0.122999 -0.133986 -0.131316 -0.135399 0.007812 -0.105822 0.131021 0.077944 -0.317544 -0.039969 -0.016006 0.080741 0.152533 0.102290 -0.053843 -0.025761 -0.075572 -0.021610 -0.058085 0.293994 0.161069 0.212503 0.269751 -0.171364 0.393237 -0.168586 
0.125263 0.077448 0.286921 0.148905 0.020356 0.032897 0.142685 0.115242 -0.244572 0.082101 0.015064 -0.223205 -0.152121 0.233603 -0.240266 0.247289 0.288307 -0.091493 -0.051178 0.007899 -0.018630 -0.158542 -0.046036 -0.122893 -0.046807 0.058589 -0.095096 -0.382701 0.201382 
0.126973 0.044546 0.225587 0.149379 0.181465 0.197451 0.306556 0.130142 -0.063676 0.108954 -0.046680 -0.067449 -0.156471 -0.116127 -0.097658 -0.125843 0.097315 0.232369 -0.053792 0.172202 -0.015269 0.060693 0.017713 -0.119498 -0.309764 -0.228003 -0.021343 0.091772 -0.082719 
0.102902 -0.020917 0.144424 0.155165 0.205177 0.262933 0.282398 0.105375 0.074171 0.071929 -0.100361 -0.111680 -0.086474 -0.320808 0.150199 -0.201322 -0.073952 0.156763 -0.090385 0.036594 -0.108387 0.069990 -0.192706 0.232243 0.327399 0.086484 0.145855 0.034574 -0.028545 
0.022387 -0.055813 -0.041114 0.046005 0.029341 -0.006015 0.067750 -0.052431 0.006894 -0.011958 0.031001 -0.013261 0.016412 0.013752 0.112180 0.091304 -0.002581 0.016442 -0.108193 -0.010430 -0.179730 0.005804 -0.000653 -0.067896 -0.015410 0.034682 0.055548 -0.027245 -0.043055 
0.024129 -0.064219 -0.051222 0.056227 0.043783 -0.015467 0.064372 -0.082589 -0.000004 -0.016298 0.032384 -0.025699 0.001699 0.023440 0.129929 0.118454 -0.037205 0.008966 -0.149421 -0.004389 -0.168672 0.007217 0.030844 -0.093952 -0.015450 0.005667 0.075045 -0.032176 -0.035434 
0.025947 -0.069004 -0.055025 0.058833 0.051837 -0.023795 0.061953 -0.108223 -0.007269 -0.013967 0.029509 -0.036946 -0.002837 0.029393 0.121087 0.113069 -0.049556 -0.002635 -0.152200 0.014557 -0.101083 0.003588 0.051470 -0.086029 -0.021552 -0.018820 0.078369 -0.031358 -0.012103 
0.029169 -0.071157 -0.054829 0.057131 0.047334 -0.027185 0.064227 -0.116648 -0.007872 -0.021793 0.026115 -0.048818 -0.000926 0.038593 0.113883 0.095567 -0.050483 -0.000596 -0.142886 0.027487 -0.037804 0.007021 0.073170 -0.073214 -0.051607 -0.007986 0.079286 -0.032293 0.010811 
-0.002841 -0.003782 -0.015967 -0.062744 -0.012114 -0.070944 0.128958 0.128749 -0.112413 0.155457 0.016373 -0.014440 0.029271 0.238170 0.151421 0.051293 -0.079054 -0.105041 -0.057877 0.093280 0.105516 0.168876 -0.159060 0.034820 0.070635 -0.263870 0.020463 0.130112 0.090255 
-0.004285 0.008923 -0.003380 -0.066066 -0.049160 -0.028989 0.081972 0.112087 -0.059046 0.084922 0.015861 0.043188 -0.015387 0.142453 0.093003 -0.027256 -0.003435 -0.134713 0.006417 0.032888 -0.016187 0.041638 -0.127321 -0.053900 0.045580 -0.082528 -0.015106 0.108070 0.061421 
-0.014488 0.019292 0.006099 -0.054379 -0.037566 -0.035153 0.028728 0.130667 -0.030915 0.027137 0.020892 0.033978 -0.026695 0.100579 0.082385 -0.095490 0.053378 -0.110459 0.027732 -0.007905 -0.092703 -0.017566 -0.103135 -0.068485 0.028367 0.022713 -0.014366 0.095386 -0.023206 
-0.022237 0.038531 0.016664 -0.056580 -0.029097 -0.028315 0.009274 0.135922 -0.012211 -0.003665 0.002341 0.034963 -0.012750 0.058630 0.072534 -0.130642 0.065476 -0.066825 0.044195 -0.049196 -0.163568 -0.053421 -0.090150 -0.078155 -0.005072 0.059605 -0.017545 0.090950 -0.059326 
-0.023077 0.049740 0.023989 -0.059179 -0.030627 -0.013632 0.006026 0.123913 -0.012552 -0.010808 -0.017489 0.047976 -0.008221 0.033090 0.062672 -0.129397 0.056326 -0.037146 0.047695 -0.088286 -0.181928 -0.050483 -0.077028 -0.073078 -0.011199 0.089127 0.008571 0.014258 -0.074693 
-0.023850 0.052045 0.025141 -0.058232 -0.029339 -0.009328 -0.002887 0.121861 -0.002521 0.005056 -0.007804 0.052660 -0.002534 0.022432 0.057523 -0.128456 0.053166 -0.020139 0.040819 -0.084003 -0.194682 -0.098015 -0.042040 -0.080781 0.003386 0.093321 0.011684 0.017074 -0.072604 
-0.023088 0.041008 0.020342 -0.057552 -0.026151 -0.015002 0.014486 0.127328 0.010541 0.041490 -0.002542 0.052861 -0.006545 0.044338 0.078976 -0.147775 0.032251 -0.021227 0.030922 -0.046342 -0.145174 -0.126557 -0.029150 -0.075644 -0.026055 0.111835 -0.000181 0.028498 -0.073122 
-0.018620 0.020361 0.012988 -0.054354 -0.025273 -0.024843 0.039636 0.130067 0.012284 0.081835 0.008733 0.038354 -0.023213 0.090636 0.094921 -0.138675 0.014059 -0.017660 0.012706 0.006923 -0.045137 -0.108058 0.025650 -0.073652 -0.002497 0.105370 0.008724 0.044972 -0.048412 
-0.006484 0.008938 0.006973 -0.065674 -0.038704 -0.031511 0.094080 0.116669 -0.002166 0.158280 0.012767 0.054318 -0.021348 0.137773 0.109225 -0.100295 -0.067261 -0.019499 -0.025612 0.078047 0.053747 -0.065557 0.092190 -0.048016 0.032398 0.096088 0.023167 -0.007435 -0.024319 
-0.003400 -0.009968 -0.005666 -0.060411 -0.026209 -0.076233 0.168859 0.121499 -0.007130 0.284174 0.013112 0.059636 0.001499 0.246703 0.221790 -0.063844 -0.210316 0.028334 -0.070345 0.156005 0.254276 0.016086 0.221460 0.065580 0.001940 0.108495 0.034826 -0.123369 -0.053485 
-0.012370 0.043435 0.025571 -0.031123 -0.062935 0.011121 -0.060466 0.155922 -0.016933 -0.024130 -0.084151 0.104553 -0.116066 -0.018118 0.029991 -0.020798 -0.044347 0.031608 -0.038678 -0.143695 -0.125465 -0.008455 0.009715 -0.088323 0.000611 -0.004227 -0.020717 0.003593 0.006834 
-0.024117 0.062248 0.038794 -0.018018 -0.051793 0.014470 -0.090231 0.167533 -0.005801 -0.036317 -0.102615 0.128187 -0.155351 -0.030439 0.024898 0.045417 -0.096990 0.053625 -0.092317 -0.159672 -0.088390 0.019949 0.054172 -0.073811 -0.033901 -0.057228 -0.017099 0.015538 0.040459 
-0.030614 0.076980 0.048451 -0.006482 -0.057644 0.041441 -0.118670 0.153499 0.002441 -0.053093 -0.102128 0.125626 -0.153275 -0.042519 -0.001118 0.081777 -0.078883 0.054358 -0.122775 -0.130620 -0.072429 0.066160 0.078544 -0.044220 -0.058601 -0.104131 -0.017773 0.036932 0.051555 
-0.034986 0.081532 0.054021 -0.013435 -0.056051 0.049193 -0.114804 0.160998 -0.032084 -0.036944 -0.090007 0.116253 -0.161077 -0.034617 0.030880 0.082973 -0.077049 0.048793 -0.103119 -0.129602 -0.067383 0.088448 0.108479 -0.027169 -0.038734 -0.074023 -0.006566 0.025071 0.024431 
-0.009664 0.043856 -0.000706 0.013373 -0.026641 0.057367 -0.138404 0.106784 0.011764 -0.148362 -0.099953 0.039535 -0.071412 0.014108 0.061985 0.166680 -0.029919 -0.025313 0.040311 0.324483 -0.042768 -0.105857 -0.020071 0.041822 0.032881 0.020488 0.118600 -0.061616 -0.176106 
-0.008956 0.060060 0.019647 0.002651 -0.051700 0.081098 -0.105660 0.109710 -0.002055 -0.069969 -0.068305 0.096842 -0.086257 0.018953 0.016743 0.078398 -0.057024 0.039755 -0.051730 0.078612 -0.021590 0.038024 0.072437 0.042153 -0.028160 0.029897 0.030133 -0.065196 -0.039103 
-0.013289 0.066464 0.023188 -0.001471 -0.067212 0.079493 -0.087172 0.136770 -0.008838 -0.015613 -0.062794 0.044546 -0.089691 0.013070 0.038317 0.083849 -0.060486 0.037107 -0.057461 -0.003883 -0.009368 0.108385 0.056885 0.081757 -0.016292 -0.010282 0.046884 -0.064171 0.028188 
-0.011323 0.062456 0.024239 0.005973 -0.053457 0.083338 -0.096133 0.131399 -0.004480 -0.054967 -0.062267 0.034317 -0.092173 -0.014659 0.036176 0.085705 -0.020193 0.043876 -0.056989 0.025331 -0.015871 0.060398 0.020382 0.078498 -0.013144 -0.024169 0.040656 -0.026836 -0.003124 
-0.010136 0.047006 0.005778 0.015750 -0.033699 0.061324 -0.129665 0.135686 0.019879 -0.118969 -0.091386 -0.002375 -0.090825 -0.011901 0.057074 0.153887 -0.013998 -0.025843 0.008148 0.306396 -0.018972 -0.088143 -0.058914 0.066698 0.029549 -0.000446 0.107093 -0.029230 -0.129015 
0.011357 -0.006257 0.000107 -0.012981 0.021987 -0.007099 0.007442 -0.063644 -0.022162 0.037698 -0.029023 -0.030050 0.013582 -0.018470 -0.027212 0.056548 -0.025788 0.049203 0.002068 0.025023 0.096028 0.124145 0.055004 -0.013091 0.013044 -0.027826 0.009998 0.009449 0.063175 
-0.003947 0.000215 -0.001482 -0.019615 0.022335 -0.013335 -0.001447 -0.006556 -0.025240 0.001423 -0.036078 -0.014845 -0.026451 0.003672 0.016874 -0.046569 0.007879 -0.005031 0.037833 0.005218 0.055997 0.128797 -0.050664 -0.109065 0.023394 0.093113 -0.022861 -0.095618 0.010286 
-0.006958 0.001254 -0.003774 -0.018412 0.031408 -0.017669 -0.012723 0.010983 -0.016685 -0.005422 -0.048111 -0.025595 -0.016484 -0.009008 0.019788 -0.066681 0.024641 0.025948 0.042518 -0.004946 0.017495 0.124996 -0.064689 -0.127355 0.013644 0.113679 0.003266 -0.110968 -0.021659 
-0.005783 -0.003293 -0.002965 -0.008946 0.023912 -0.012737 -0.023537 0.020650 -0.002513 -0.010089 -0.041735 -0.016238 -0.026425 0.006985 0.001263 -0.041163 0.004228 0.028900 0.030754 -0.022254 0.000260 0.077404 -0.052040 -0.084587 0.006911 0.115035 -0.000460 -0.120527 -0.038265 
-0.006093 -0.001787 0.004532 -0.012583 0.024294 -0.010673 -0.021738 -0.001802 -0.020448 -0.010383 -0.047788 -0.006611 -0.040407 -0.010547 0.002260 -0.037443 0.012987 0.026633 0.035830 -0.017527 0.027283 0.108353 -0.052317 -0.112250 0.053187 0.116961 -0.000121 -0.092561 -0.018872 
0.000510 -0.006269 0.002122 -0.017585 0.028059 -0.005334 -0.016352 -0.026205 -0.033885 -0.005797 -0.036166 0.002184 -0.026372 -0.007344 -0.001436 -0.007928 -0.000347 0.023920 0.026744 0.003756 0.071220 0.122540 -0.032338 -0.101044 0.049614 0.069153 -0.002624 -0.071352 0.005888 
-0.006940 -0.003335 -0.003533 -0.009944 0.020205 -0.009964 -0.025482 0.023407 -0.002775 0.002685 -0.054267 -0.007250 -0.022520 0.009437 -0.000366 -0.036714 0.000449 0.041612 0.047347 -0.036673 0.001008 0.003361 -0.035187 -0.091481 0.021261 0.134648 0.027156 -0.111715 -0.016583 
-0.010076 0.000676 -0.001964 -0.017721 0.021723 -0.017192 -0.013295 -0.003921 -0.015771 0.010605 -0.048533 -0.011102 -0.019082 -0.006326 -0.002830 -0.053177 0.036122 0.015659 0.073461 -0.025491 0.012435 0.036396 -0.037879 -0.124172 0.021439 0.147414 0.022223 -0.110572 -0.019931 
-0.005128 0.002059 -0.000916 -0.023343 0.021773 -0.021633 0.001711 -0.002316 -0.017814 0.038176 -0.043954 -0.006493 -0.029879 0.003973 0.023136 -0.048516 0.018140 0.029425 0.041244 -0.013963 0.058630 0.052447 0.007846 -0.113798 0.022727 0.112811 0.027362 -0.072143 -0.012417 
0.014656 -0.006322 0.000237 -0.016628 0.021155 -0.022334 0.006395 -0.061501 -0.042205 0.017286 -0.011660 -0.004161 0.029016 -0.012651 -0.006684 0.045358 -0.030756 0.051974 0.012157 0.020268 0.094257 0.083112 0.068374 -0.023679 0.021158 -0.016815 0.003217 0.016008 0.041081 
0.001358 -0.005632 0.003729 -0.018624 0.030479 -0.004497 -0.015294 -0.030377 -0.013606 0.025404 -0.042205 0.002039 -0.040703 -0.012756 -0.005559 0.002714 0.010644 0.043564 0.041252 -0.012133 0.068957 0.047260 0.026492 -0.097468 0.051614 0.085936 0.029304 -0.053213 0.006469 
-0.006984 -0.001663 0.002895 -0.016447 0.028767 -0.010241 -0.027395 -0.005247 -0.010113 0.009804 -0.055965 0.008629 -0.040454 -0.006967 0.000911 -0.024969 0.014876 0.035889 0.050484 -0.031679 0.029505 0.034594 -0.008422 -0.130047 0.048568 0.137164 0.030365 -0.080452 -0.006544 
0.029032 0.171189 -0.149192 0.080258 -0.033022 -0.013638 0.040332 -0.058197 0.024582 0.023264 -0.018748 -0.016852 0.124368 -0.011360 0.003089 -0.083626 0.066206 -0.106779 -0.017862 -0.025253 -0.145189 -0.013649 0.103803 0.172836 -0.053312 -0.049546 -0.080591 -0.097751 -0.180886 
0.004598 0.149309 -0.083692 0.073055 -0.026583 -0.004506 -0.016465 0.017949 -0.006470 0.015285 -0.047590 -0.001014 0.039452 -0.027777 -0.013219 -0.011501 -0.035622 -0.068723 0.021155 -0.019903 -0.060835 0.028127 0.095110 0.109698 -0.044540 0.011246 0.000788 -0.120911 0.015955 
-0.019607 0.122278 -0.040811 0.068165 -0.040717 0.018278 -0.034038 0.038014 -0.006509 -0.002206 -0.065227 0.001811 0.003867 -0.017230 -0.019055 0.023975 -0.046057 -0.032074 0.011147 0.006066 -0.027281 0.028050 0.073872 0.067691 -0.052357 0.028945 0.021657 -0.085554 0.064315 
-0.026249 0.120409 -0.036759 0.070028 -0.042991 0.036867 -0.035926 0.043224 0.007789 -0.002211 -0.085803 -0.026100 -0.002321 -0.016356 -0.023226 0.011321 -0.046914 -0.031689 0.008467 0.019195 -0.000083 0.026616 0.064819 0.035809 -0.064032 0.034383 0.029153 -0.072575 0.066704 
-0.020742 0.122764 -0.040099 0.061780 -0.041505 0.030500 -0.029396 0.058506 -0.010704 -0.000341 -0.061977 -0.029529 -0.013642 -0.035289 -0.022938 0.011391 -0.044499 -0.023969 -0.004212 0.018757 -0.021532 0.032473 0.038790 0.061711 -0.052356 0.012865 0.032900 -0.056675 0.072397 
0.004967 0.151506 -0.076570 0.064198 -0.035721 0.017669 -0.009186 0.048111 -0.005966 0.023913 -0.052595 -0.054569 0.003189 -0.053206 -0.025697 -0.038613 -0.016369 -0.045954 0.001209 0.016464 -0.063320 0.020017 0.063445 0.094843 -0.027510 -0.024548 0.030092 -0.099142 0.059896 
0.029550 0.175343 -0.143276 0.077923 -0.035535 0.008198 0.041305 -0.032916 0.029358 0.049158 -0.024617 -0.081081 0.076809 -0.041334 0.001032 -0.085187 0.095331 -0.089307 -0.024096 0.003138 -0.164285 -0.006691 0.081011 0.213727 -0.018761 -0.113497 -0.034257 -0.107685 -0.087411 
0.068594 0.222883 -0.102966 0.068704 0.020383 0.035877 0.020693 -0.053943 -0.025552 0.036038 -0.014203 -0.083705 0.030011 0.019032 0.002564 -0.058710 0.055257 -0.031159 0.012433 -0.012820 -0.031813 -0.034584 -0.021424 -0.079714 0.019732 -0.070382 0.011620 0.082688 -0.061829 
0.067270 0.181286 -0.036110 0.041693 0.022011 0.082507 -0.049779 -0.049139 -0.019108 0.026426 0.005218 -0.081512 0.018480 0.039282 0.026167 0.000913 0.042206 0.011807 0.008005 0.016135 0.047361 -0.059505 -0.057221 -0.151585 0.026958 -0.087311 0.020362 0.113389 -0.071911 
0.061031 0.166153 -0.017925 0.038685 0.018113 0.092981 -0.074569 -0.055265 -0.001976 0.031667 -0.003577 -0.061541 0.042175 0.046218 0.060627 0.019684 0.017718 0.045018 0.003115 0.017780 0.094383 -0.071392 -0.050043 -0.138928 0.010123 -0.109144 -0.004311 0.128576 -0.059626 
0.062902 0.177636 -0.038258 0.049225 0.012049 0.069138 -0.053657 -0.058251 -0.000096 0.021562 -0.008801 -0.042761 0.050305 0.047347 0.064257 -0.003418 0.016538 0.003133 0.007367 0.022900 0.070846 -0.047504 -0.034117 -0.144943 -0.002297 -0.073479 -0.024243 0.092698 -0.093705 
0.065617 0.215025 -0.107936 0.067626 0.011508 0.023240 -0.010734 -0.082886 0.023972 0.022970 -0.019015 -0.005243 0.082233 0.052680 0.045431 -0.046675 -0.007175 -0.062651 0.013628 -0.004884 0.000348 -0.003509 -0.007141 -0.079970 -0.006572 -0.034878 -0.043551 0.035390 -0.125236 
0.040255 0.180989 -0.089501 0.061269 0.009229 0.022040 -0.020295 -0.003846 0.006257 0.009865 -0.074575 -0.037396 0.035595 0.000892 -0.000663 0.026786 -0.124041 -0.024957 -0.009924 -0.050609 0.052692 0.005851 -0.012019 0.031673 -0.004303 0.096404 -0.025889 -0.038922 0.061456 
0.026971 0.157086 -0.049769 0.067556 -0.008871 0.050815 -0.027525 -0.000277 0.015732 0.033221 -0.101756 -0.074935 0.024844 0.050177 -0.025884 0.067022 -0.149125 -0.010456 0.001936 -0.019752 0.101603 -0.026584 -0.057157 -0.033597 -0.021548 0.080315 0.030885 0.008344 0.093106 
0.040061 0.183380 -0.080201 0.063713 -0.002932 0.019391 -0.005983 0.007160 -0.014185 0.028158 -0.073698 -0.085338 0.001786 -0.016347 -0.031048 0.019608 -0.116126 -0.030005 -0.017845 -0.038969 0.017908 -0.006738 -0.030857 0.011320 0.001341 0.071003 -0.001997 -0.009364 0.104105 
0.104159 0.236697 -0.099971 0.035736 0.056362 0.022838 -0.019402 0.004910 -0.018090 0.045054 0.018274 -0.053807 0.013719 -0.011507 -0.056887 0.004581 -0.123954 -0.035292 -0.039866 -0.008065 0.037452 -0.005366 -0.099243 -0.086915 0.022667 0.041641 0.046185 0.070875 0.054735 
0.094171 0.201233 -0.059760 0.034065 0.043582 0.069986 -0.054575 -0.001760 0.013119 0.048231 -0.008812 -0.063170 0.051862 0.027343 -0.050032 0.032237 -0.143277 -0.024882 -0.031367 -0.038417 0.120266 -0.024920 -0.124315 -0.156288 0.031926 0.043616 0.035211 0.114224 0.054908 
0.097128 0.229712 -0.106153 0.040550 0.051906 0.016476 -0.028563 -0.015006 0.002585 0.026858 0.003850 -0.001786 0.048472 0.007307 -0.028964 -0.000560 -0.129807 -0.041219 -0.024611 -0.025543 0.049768 0.008540 -0.063489 -0.071098 0.011529 0.074628 -0.001612 0.034568 0.002722 
# The variances of the components (eigenvalues) of expression or combined model
1
29
6
502.752650 284.741577 169.716346 91.041371 58.456701 51.788235 44.547526 35.705017 31.660856 29.851675 25.729755 24.392276 23.257354 18.527753 16.867182 15.157574 14.551925 13.189143 12.457395 11.329784 10.457819 9.120543 8.133022 7.922716 7.562496 7.236685 7.130512 6.539160 6.035568 
