# Number of triangulations
13
# Triangulation 1
# triangulation 
107
3
4
41 37 36 
49 59 65 
41 36 1 
47 35 46 
20 37 38 
38 39 21 
50 60 51 
40 31 29 
48 4 5 
19 18 37 
39 38 40 
8 57 58 
64 65 58 
39 29 28 
58 65 59 
3 48 2 
52 51 62 
33 51 52 
62 61 63 
27 39 28 
21 27 22 
43 22 42 
15 35 14 
24 23 44 
34 30 33 
15 45 46 
5 59 48 
38 37 41 
36 18 17 
31 41 2 
37 18 36 
20 19 37 
20 38 21 
24 19 23 
40 38 41 
39 40 29 
27 21 39 
30 31 32 
31 40 41 
50 31 49 
47 42 29 
33 30 32 
42 27 28 
53 54 35 
36 17 0 
36 0 1 
41 1 2 
31 2 48 
65 60 49 
6 59 5 
49 31 48 
32 31 50 
48 3 4 
6 7 58 
7 8 58 
59 49 48 
6 58 59 
63 61 64 
63 64 56 
8 9 56 
65 61 60 
57 64 58 
50 49 60 
33 32 50 
64 61 65 
51 61 62 
51 60 61 
33 50 51 
34 33 52 
53 63 55 
53 52 62 
8 56 57 
53 62 63 
10 55 56 
56 64 57 
53 35 52 
55 63 56 
54 53 55 
9 10 56 
10 11 55 
11 54 55 
12 13 54 
54 11 12 
30 35 29 
13 14 54 
47 29 35 
23 43 44 
46 43 47 
16 45 15 
26 25 45 
29 31 30 
42 28 29 
34 35 30 
52 35 34 
35 15 46 
54 14 35 
22 20 21 
43 23 22 
42 22 27 
47 43 42 
23 20 22 
19 20 23 
44 43 46 
25 44 45 
45 44 46 
24 44 25 
16 26 45 
# Triangulation 2
# triangulation 
50
3
4
38 37 39 
40 31 32 
38 39 21 
41 31 40 
38 18 37 
59 7 58 
58 7 57 
4 48 3 
59 48 6 
40 32 22 
32 51 22 
58 64 65 
0 1 36 
19 18 38 
18 0 17 
20 19 38 
37 41 39 
18 17 37 
39 40 22 
41 40 39 
36 2 41 
37 17 36 
3 48 2 
37 36 41 
0 36 17 
1 2 36 
2 48 41 
48 5 6 
48 4 5 
65 61 60 
59 58 65 
59 6 7 
48 49 31 
59 65 48 
64 51 61 
58 57 64 
61 50 49 
48 65 49 
61 49 60 
65 64 61 
64 57 51 
49 50 31 
65 60 49 
50 51 32 
61 51 50 
22 21 39 
21 20 38 
22 20 21 
31 50 32 
41 48 31 
# Triangulation 3
# triangulation 
64
3
4
18 17 37 
65 49 59 
48 41 36 
17 0 36 
40 41 31 
48 6 59 
63 64 57 
28 32 29 
61 64 63 
60 61 50 
44 28 23 
51 61 63 
49 50 31 
31 50 32 
36 37 17 
38 19 18 
37 38 18 
40 38 37 
21 20 38 
40 37 41 
27 39 40 
39 38 40 
19 38 20 
17 18 0 
41 37 36 
31 41 48 
1 36 0 
2 36 1 
48 36 2 
48 2 3 
6 48 5 
64 58 57 
7 59 6 
5 48 4 
48 3 4 
59 49 48 
31 48 49 
28 40 31 
60 49 65 
50 49 60 
58 59 7 
65 59 58 
64 65 58 
60 65 61 
57 58 7 
51 63 57 
32 50 51 
28 31 32 
61 51 50 
65 64 61 
32 51 30 
32 30 29 
30 51 57 
27 28 44 
40 28 27 
44 23 22 
39 21 38 
20 23 19 
27 21 39 
21 44 22 
27 44 21 
28 29 23 
20 21 23 
21 22 23 
# Triangulation 4
# triangulation 
88
3
4
61 64 63 
2 36 1 
17 36 18 
39 21 38 
36 41 37 
41 31 40 
45 47 46 
59 6 7 
54 62 63 
8 58 59 
39 28 27 
44 45 29 
24 19 20 
46 28 29 
45 43 47 
29 32 30 
44 23 22 
53 52 62 
23 21 22 
54 53 62 
37 19 18 
38 20 19 
38 21 20 
38 19 37 
41 36 2 
21 23 20 
44 43 45 
37 18 36 
39 38 40 
40 38 37 
27 28 47 
17 0 36 
41 40 37 
0 1 36 
65 49 59 
2 48 41 
2 3 48 
64 61 65 
3 4 48 
48 4 5 
48 5 6 
48 6 59 
59 7 8 
60 61 50 
49 48 59 
41 48 31 
31 39 40 
65 60 49 
49 31 48 
32 31 50 
60 50 49 
62 51 61 
61 60 65 
63 62 61 
52 51 62 
8 56 57 
58 65 59 
8 57 58 
64 57 63 
65 58 64 
57 64 58 
56 63 57 
56 55 63 
8 55 56 
55 54 63 
30 33 52 
45 46 29 
24 23 44 
50 51 33 
30 52 53 
29 24 44 
54 30 53 
30 24 29 
32 50 33 
28 31 32 
50 61 51 
31 49 50 
33 51 52 
30 32 33 
27 21 39 
22 21 43 
47 28 46 
43 27 47 
28 32 29 
39 31 28 
43 21 27 
44 22 43 
24 20 23 
# Triangulation 5
# triangulation 
97
3
4
19 20 24 
37 38 19 
2 36 1 
37 41 40 
5 48 4 
2 48 41 
57 58 8 
29 31 32 
6 48 5 
50 61 51 
6 59 48 
29 46 47 
35 53 54 
44 43 46 
22 42 43 
38 39 21 
23 43 44 
23 20 21 
57 64 58 
44 24 23 
56 63 57 
24 20 23 
56 55 63 
40 31 39 
21 20 38 
37 18 36 
19 18 37 
38 20 19 
40 39 38 
42 27 28 
36 2 41 
38 37 40 
27 22 21 
28 39 31 
36 17 0 
36 0 1 
18 17 36 
41 31 40 
37 36 41 
3 4 48 
48 2 3 
61 65 64 
7 58 59 
59 6 7 
31 50 32 
49 48 59 
60 61 50 
63 64 57 
58 7 8 
65 59 58 
49 50 31 
41 48 31 
49 59 65 
31 48 49 
60 50 49 
49 65 60 
50 33 32 
51 33 50 
30 35 54 
53 52 62 
61 60 65 
63 61 64 
64 65 58 
51 61 62 
63 62 61 
8 56 57 
25 24 44 
8 55 56 
55 54 63 
8 54 55 
54 45 30 
62 52 51 
63 53 62 
52 33 51 
54 53 63 
34 33 52 
30 46 29 
35 52 53 
32 33 30 
30 34 35 
47 46 43 
28 31 29 
47 42 28 
34 52 35 
30 33 34 
29 32 30 
47 28 29 
27 39 28 
21 39 27 
22 27 42 
23 21 22 
43 42 47 
23 22 43 
46 45 44 
30 45 46 
45 25 44 
54 25 45 
# Triangulation 6
# triangulation 
104
3
4
38 21 20 
36 37 18 
37 19 18 
38 19 37 
17 36 18 
39 31 28 
17 0 36 
45 44 46 
6 48 5 
49 48 59 
6 59 48 
39 40 31 
54 53 55 
34 33 52 
8 57 58 
47 46 43 
8 9 57 
28 27 39 
46 29 35 
29 30 35 
42 28 47 
23 20 21 
16 35 54 
22 27 42 
12 16 54 
48 31 41 
1 41 36 
38 20 19 
36 41 37 
38 37 40 
28 31 29 
40 37 41 
21 38 39 
39 38 40 
22 21 27 
27 21 39 
28 42 27 
31 40 41 
58 59 7 
32 50 33 
29 31 32 
50 32 31 
8 58 7 
0 1 36 
1 2 41 
2 48 41 
3 4 48 
48 2 3 
50 51 33 
49 31 48 
50 31 49 
4 5 48 
59 6 7 
50 60 61 
60 49 65 
61 64 63 
63 62 61 
49 60 50 
65 58 64 
59 65 49 
65 61 60 
59 58 65 
61 62 51 
65 64 61 
33 51 52 
29 32 30 
51 62 52 
50 61 51 
53 35 52 
58 57 64 
57 63 64 
9 56 57 
53 52 62 
57 56 63 
56 55 63 
11 55 10 
9 10 56 
10 55 56 
53 62 63 
11 12 55 
53 63 55 
12 54 55 
54 35 53 
46 35 16 
46 16 45 
42 43 22 
24 19 20 
23 43 44 
23 44 24 
30 34 35 
32 33 30 
34 52 35 
30 33 34 
47 29 46 
28 29 47 
22 43 23 
24 44 25 
43 46 44 
42 47 43 
23 21 22 
44 26 25 
20 23 24 
44 45 26 
26 45 16 
# Triangulation 7
# triangulation 
104
3
4
36 37 17 
37 20 19 
37 19 18 
38 20 37 
52 53 35 
45 44 46 
41 38 37 
52 33 51 
32 30 31 
42 28 29 
17 37 18 
45 46 15 
9 56 8 
54 53 55 
17 0 36 
42 29 35 
9 10 55 
40 41 29 
42 27 28 
42 22 27 
15 46 14 
22 20 21 
14 46 54 
15 16 45 
11 54 10 
30 29 31 
0 41 36 
38 21 20 
36 41 37 
38 39 21 
41 40 38 
40 39 38 
29 28 40 
27 22 21 
40 28 39 
27 39 28 
21 39 27 
29 41 31 
58 6 7 
34 35 29 
33 34 30 
33 30 32 
52 34 33 
0 48 31 
31 41 0 
33 32 50 
65 61 60 
32 31 50 
48 4 59 
0 4 48 
49 31 48 
50 31 49 
59 49 48 
50 49 60 
4 5 59 
5 58 59 
6 58 5 
7 8 57 
58 7 57 
49 65 60 
57 8 56 
50 51 33 
60 61 51 
59 65 49 
65 58 57 
59 58 65 
51 61 52 
50 60 51 
61 62 52 
65 64 61 
56 9 55 
61 63 62 
63 64 56 
52 62 53 
64 65 57 
63 61 64 
56 64 57 
54 55 10 
55 63 56 
62 63 53 
12 13 54 
53 63 55 
12 54 11 
54 35 53 
46 35 54 
13 14 54 
23 43 24 
22 43 23 
43 44 24 
34 29 30 
52 35 34 
47 42 35 
22 42 43 
46 47 35 
44 47 46 
23 19 20 
24 44 25 
23 20 22 
43 47 44 
42 47 43 
44 45 25 
19 23 24 
25 45 26 
26 45 16 
# Triangulation 8
# triangulation 
97
3
4
22 27 42 
18 36 37 
28 40 29 
21 27 22 
29 30 34 
64 61 65 
65 48 59 
47 42 35 
18 48 36 
9 56 8 
48 8 59 
55 56 9 
14 54 13 
10 54 55 
53 35 52 
23 22 43 
23 43 24 
24 44 25 
21 20 38 
44 45 25 
42 47 43 
25 45 26 
20 19 37 
22 23 20 
37 41 38 
19 18 37 
23 24 19 
21 22 20 
38 39 21 
20 37 38 
39 27 21 
40 39 38 
28 35 42 
32 33 30 
48 30 41 
48 41 36 
41 37 36 
32 30 31 
40 38 41 
28 39 40 
48 49 31 
50 32 31 
30 48 31 
28 29 35 
65 60 49 
50 33 32 
57 65 58 
65 49 48 
8 58 59 
8 56 57 
8 57 58 
60 50 49 
61 60 65 
65 59 58 
51 60 61 
29 41 30 
40 41 29 
50 31 49 
51 33 50 
51 50 60 
35 54 46 
53 52 62 
57 64 65 
52 51 61 
10 55 9 
64 63 61 
56 63 64 
56 64 57 
55 63 56 
53 62 63 
54 10 11 
54 53 55 
62 61 63 
47 35 46 
53 63 55 
61 62 52 
54 12 13 
11 12 54 
45 46 14 
45 14 15 
52 33 51 
34 33 52 
34 52 35 
30 33 34 
35 53 54 
29 34 35 
27 28 42 
39 28 27 
23 19 20 
44 24 43 
43 47 44 
22 42 43 
46 54 14 
44 47 46 
45 15 16 
44 46 45 
26 45 16 
# Triangulation 9
# triangulation 
88
3
4
42 43 22 
19 29 37 
44 43 47 
40 28 27 
35 34 52 
42 27 28 
65 60 48 
8 56 57 
30 50 33 
10 55 9 
8 55 56 
54 55 10 
16 45 15 
11 54 10 
44 25 24 
14 45 54 
50 51 33 
25 44 45 
16 26 45 
45 44 46 
26 25 45 
20 23 19 
22 38 27 
23 24 19 
40 38 36 
37 29 36 
20 19 37 
21 20 37 
22 20 21 
38 21 37 
22 21 38 
28 35 42 
40 41 28 
27 38 40 
46 47 35 
36 41 40 
38 37 36 
29 34 28 
19 30 29 
41 29 28 
36 29 41 
64 61 65 
50 60 51 
30 49 50 
49 60 50 
30 48 49 
48 60 49 
65 48 59 
59 8 58 
57 56 64 
58 8 57 
61 52 51 
58 65 59 
65 61 60 
58 57 65 
33 52 34 
29 30 34 
61 51 60 
57 64 65 
52 61 62 
45 46 54 
63 62 61 
63 61 64 
56 63 64 
9 55 8 
63 53 62 
55 53 63 
12 13 54 
55 63 56 
54 53 55 
35 52 53 
11 12 54 
13 14 54 
14 15 45 
52 62 53 
33 51 52 
34 30 33 
54 35 53 
35 28 34 
54 46 35 
43 44 24 
20 22 23 
42 22 27 
23 22 43 
43 24 23 
46 44 47 
47 42 35 
43 42 47 
# Triangulation 10
# triangulation 
64
3
4
57 51 30 
37 20 28 
34 35 28 
43 47 44 
63 64 56 
9 56 57 
61 65 64 
20 21 22 
53 63 55 
52 34 51 
52 51 61 
28 47 27 
53 55 54 
52 62 53 
45 44 46 
53 54 35 
21 37 22 
20 37 21 
22 43 23 
42 43 22 
23 24 20 
20 22 23 
27 37 28 
22 37 27 
35 52 53 
27 47 42 
34 28 29 
20 29 28 
51 57 65 
34 30 51 
34 29 30 
52 35 34 
61 51 65 
62 52 61 
64 65 57 
63 61 64 
56 64 57 
9 55 56 
43 24 23 
62 63 53 
61 63 62 
55 63 56 
10 54 55 
54 11 12 
55 9 10 
54 10 11 
54 12 13 
54 13 14 
54 14 45 
14 15 45 
46 54 45 
35 54 46 
45 15 16 
47 46 44 
42 47 43 
22 27 42 
47 35 46 
28 35 47 
26 25 44 
25 24 43 
25 43 44 
45 26 44 
26 16 25 
45 16 26 
# Triangulation 11
# triangulation 
51
3
4
21 51 34 
52 61 53 
54 10 11 
55 10 54 
35 53 54 
62 63 53 
45 26 44 
54 14 46 
35 54 46 
44 42 46 
47 21 34 
26 16 25 
46 45 44 
44 43 42 
22 23 21 
24 23 43 
25 24 43 
34 52 35 
46 47 35 
57 64 51 
34 51 52 
64 56 63 
35 52 53 
61 51 64 
52 51 61 
63 62 61 
57 56 64 
54 12 13 
63 55 54 
63 56 55 
61 64 63 
53 63 54 
61 62 53 
56 9 55 
56 57 9 
10 9 11 
55 9 10 
54 11 12 
54 13 14 
46 14 45 
14 15 45 
42 21 47 
22 21 42 
47 34 35 
46 42 47 
44 25 43 
43 22 42 
23 22 43 
44 26 25 
45 16 26 
15 16 45 
# Triangulation 12
# triangulation 
108
3
4
41 37 36 
57 65 58 
41 36 48 
35 53 54 
20 19 38 
38 39 21 
32 50 33 
28 27 39 
5 48 4 
37 18 17 
39 38 40 
28 39 29 
64 57 63 
49 65 60 
52 51 62 
60 65 64 
35 34 52 
33 51 52 
21 22 20 
30 29 39 
5 6 48 
32 31 50 
39 31 32 
43 22 42 
45 35 54 
20 38 21 
15 16 54 
38 19 37 
37 19 18 
40 38 37 
20 22 23 
40 31 39 
37 41 40 
27 42 22 
21 39 27 
42 47 43 
32 30 39 
50 60 51 
65 49 59 
51 60 61 
33 50 51 
35 42 34 
32 33 30 
41 48 31 
36 17 0 
37 17 36 
49 60 50 
40 41 31 
36 0 48 
58 59 7 
48 1 2 
0 1 48 
48 2 3 
48 3 4 
6 59 48 
5 7 6 
7 8 58 
59 6 7 
31 49 50 
8 9 56 
49 48 59 
31 48 49 
65 59 58 
61 60 64 
64 65 57 
51 61 62 
57 58 8 
61 64 62 
62 64 63 
54 11 12 
63 57 56 
53 62 63 
53 52 62 
33 34 30 
56 57 8 
53 63 55 
55 56 9 
63 56 55 
9 10 55 
8 11 9 
10 54 55 
9 11 10 
11 54 10 
12 13 54 
54 14 15 
53 55 54 
13 14 54 
44 24 43 
16 45 54 
45 44 46 
25 44 26 
26 44 45 
34 42 30 
33 52 34 
35 45 46 
52 53 35 
47 44 43 
35 46 47 
29 42 28 
30 42 29 
22 43 23 
21 27 22 
42 27 28 
35 47 42 
23 43 24 
44 47 46 
25 24 44 
16 26 45 
# Triangulation 13
# triangulation 
101
3
4
1 17 0 
27 42 22 
36 18 17 
31 40 41 
35 29 34 
4 31 3 
35 12 13 
64 61 65 
28 35 47 
3 31 41 
43 23 22 
47 35 46 
43 22 42 
63 61 64 
13 46 35 
57 56 64 
44 43 46 
25 24 45 
19 23 24 
26 25 45 
25 16 24 
19 37 20 
46 13 45 
24 16 0 
19 24 0 
19 18 36 
18 0 17 
20 37 38 
19 0 18 
22 23 21 
20 21 23 
3 36 1 
38 21 20 
32 31 49 
39 21 38 
22 21 27 
36 17 1 
41 37 36 
37 19 36 
3 41 36 
41 38 37 
39 38 40 
4 59 48 
40 38 41 
42 27 47 
48 49 31 
59 49 48 
51 50 60 
58 65 59 
59 65 49 
4 58 59 
65 60 49 
57 64 58 
61 60 65 
30 33 34 
31 4 48 
39 28 27 
50 32 49 
33 50 51 
50 49 60 
33 32 50 
30 32 33 
31 28 40 
52 51 62 
56 63 64 
64 65 58 
51 61 62 
51 60 61 
52 33 51 
63 62 61 
53 62 63 
55 53 63 
53 52 62 
56 55 63 
55 12 54 
56 12 55 
34 33 52 
55 54 53 
34 52 53 
12 35 54 
34 53 35 
32 29 31 
35 53 54 
29 28 31 
39 40 28 
21 39 27 
28 47 27 
30 29 32 
29 35 28 
30 34 29 
23 19 20 
44 24 23 
43 42 47 
44 23 43 
46 43 47 
15 45 13 
45 44 46 
24 44 45 
26 15 16 
45 15 26 
25 26 16 
